       0,   0.450,   2.040
       1,   0.450,   2.038
       2,   0.449,   2.037
       3,   0.449,   2.036
       4,   0.449,   2.035
       5,   0.449,   2.034
       6,   0.448,   2.032
       7,   0.448,   2.032
       8,   0.448,   2.031
       9,   0.448,   2.029
      10,   0.447,   2.028
      11,   0.447,   2.026
      12,   0.447,   2.026
      13,   0.447,   2.025
      14,   0.447,   2.024
      15,   0.446,   2.023
      16,   0.446,   2.021
      17,   0.446,   2.021
      18,   0.445,   2.019
      19,   0.445,   2.018
      20,   0.445,   2.017
      21,   0.445,   2.015
      22,   0.444,   2.014
      23,   0.444,   2.013
      24,   0.444,   2.012
      25,   0.444,   2.011
      26,   0.443,   2.009
      27,   0.443,   2.009
      28,   0.443,   2.008
      29,   0.443,   2.007
      30,   0.442,   2.005
      31,   0.442,   2.004
      32,   0.442,   2.003
      33,   0.442,   2.002
      34,   0.441,   2.001
      35,   0.441,   2.000
      36,   0.441,   1.999
      37,   0.441,   1.998
      38,   0.441,   1.998
      39,   0.440,   1.996
      40,   0.440,   1.995
      41,   0.440,   1.993
      42,   0.440,   1.993
      43,   0.439,   1.992
      44,   0.439,   1.991
      45,   0.439,   1.990
      46,   0.439,   1.988
      47,   0.438,   1.987
      48,   0.438,   1.987
      49,   0.438,   1.985
      50,   0.438,   1.985
      51,   0.438,   1.983
      52,   0.437,   1.981
      53,   0.437,   1.981
      54,   0.437,   1.979
      55,   0.436,   1.978
      56,   0.436,   1.977
      57,   0.436,   1.976
      58,   0.436,   1.975
      59,   0.435,   1.974
      60,   0.435,   1.972
      61,   0.435,   1.971
      62,   0.435,   1.970
      63,   0.435,   1.970
      64,   0.434,   1.968
      65,   0.434,   1.967
      66,   0.434,   1.966
      67,   0.434,   1.965
      68,   0.433,   1.964
      69,   0.433,   1.964
      70,   0.433,   1.963
      71,   0.433,   1.962
      72,   0.432,   1.960
      73,   0.432,   1.959
      74,   0.432,   1.959
      75,   0.432,   1.958
      76,   0.432,   1.956
      77,   0.431,   1.955
      78,   0.431,   1.954
      79,   0.431,   1.953
      80,   0.431,   1.953
      81,   0.431,   1.952
      82,   0.430,   1.950
      83,   0.430,   1.949
      84,   0.430,   1.948
      85,   0.430,   1.947
      86,   0.429,   1.947
      87,   0.429,   1.946
      88,   0.429,   1.944
      89,   0.429,   1.944
      90,   0.429,   1.942
      91,   0.428,   1.942
      92,   0.428,   1.941
      93,   0.428,   1.940
      94,   0.428,   1.939
      95,   0.428,   1.938
      96,   0.427,   1.936
      97,   0.427,   1.936
      98,   0.427,   1.936
      99,   0.427,   1.935
     100,   0.427,   1.933
     101,   0.426,   1.932
     102,   0.426,   1.931
     103,   0.426,   1.931
     104,   0.426,   1.930
     105,   0.425,   1.928
     106,   0.425,   1.927
     107,   0.425,   1.926
     108,   0.425,   1.925
     109,   0.425,   1.925
     110,   0.424,   1.924
     111,   0.424,   1.922
     112,   0.424,   1.921
     113,   0.424,   1.920
     114,   0.424,   1.919
     115,   0.423,   1.919
     116,   0.423,   1.918
     117,   0.423,   1.917
     118,   0.423,   1.916
     119,   0.423,   1.915
     120,   0.422,   1.914
     121,   0.422,   1.914
     122,   0.422,   1.913
     123,   0.422,   1.911
     124,   0.421,   1.910
     125,   0.421,   1.909
     126,   0.421,   1.908
     127,   0.421,   1.908
     128,   0.421,   1.907
     129,   0.421,   1.906
     130,   0.420,   1.905
     131,   0.420,   1.903
     132,   0.420,   1.903
     133,   0.420,   1.902
     134,   0.420,   1.902
     135,   0.419,   1.901
     136,   0.419,   1.900
     137,   0.419,   1.899
     138,   0.419,   1.897
     139,   0.418,   1.897
     140,   0.418,   1.896
     141,   0.418,   1.895
     142,   0.418,   1.894
     143,   0.418,   1.892
     144,   0.418,   1.892
     145,   0.417,   1.891
     146,   0.417,   1.891
     147,   0.417,   1.890
     148,   0.417,   1.888
     149,   0.416,   1.887
     150,   0.416,   1.886
     151,   0.416,   1.885
     152,   0.416,   1.885
     153,   0.416,   1.885
     154,   0.416,   1.884
     155,   0.415,   1.883
     156,   0.415,   1.882
     157,   0.415,   1.880
     158,   0.415,   1.880
     159,   0.415,   1.879
     160,   0.414,   1.878
     161,   0.414,   1.877
     162,   0.414,   1.876
     163,   0.414,   1.875
     164,   0.414,   1.874
     165,   0.413,   1.874
     166,   0.413,   1.873
     167,   0.413,   1.872
     168,   0.413,   1.871
     169,   0.413,   1.870
     170,   0.412,   1.869
     171,   0.412,   1.869
     172,   0.412,   1.868
     173,   0.412,   1.867
     174,   0.412,   1.867
     175,   0.412,   1.866
     176,   0.412,   1.865
     177,   0.411,   1.864
     178,   0.411,   1.863
     179,   0.411,   1.863
     180,   0.411,   1.862
     181,   0.411,   1.861
     182,   0.410,   1.860
     183,   0.410,   1.859
     184,   0.410,   1.858
     185,   0.410,   1.857
     186,   0.410,   1.857
     187,   0.409,   1.856
     188,   0.409,   1.855
     189,   0.409,   1.854
     190,   0.409,   1.853
     191,   0.409,   1.852
     192,   0.409,   1.852
     193,   0.408,   1.851
     194,   0.408,   1.850
     195,   0.408,   1.849
     196,   0.408,   1.848
     197,   0.408,   1.847
     198,   0.407,   1.846
     199,   0.407,   1.846
     200,   0.407,   1.845
     201,   0.407,   1.845
     202,   0.407,   1.844
     203,   0.407,   1.843
     204,   0.406,   1.842
     205,   0.406,   1.841
     206,   0.406,   1.840
     207,   0.406,   1.840
     208,   0.406,   1.840
     209,   0.406,   1.838
     210,   0.405,   1.837
     211,   0.405,   1.836
     212,   0.405,   1.835
     213,   0.405,   1.835
     214,   0.405,   1.835
     215,   0.404,   1.833
     216,   0.404,   1.832
     217,   0.404,   1.831
     218,   0.404,   1.830
     219,   0.404,   1.829
     220,   0.403,   1.829
     221,   0.403,   1.829
     222,   0.403,   1.827
     223,   0.403,   1.827
     224,   0.403,   1.826
     225,   0.403,   1.825
     226,   0.403,   1.824
     227,   0.402,   1.823
     228,   0.402,   1.823
     229,   0.402,   1.822
     230,   0.402,   1.822
     231,   0.402,   1.821
     232,   0.402,   1.820
     233,   0.401,   1.819
     234,   0.401,   1.818
     235,   0.401,   1.818
     236,   0.401,   1.817
     237,   0.401,   1.816
     238,   0.400,   1.815
     239,   0.400,   1.814
     240,   0.400,   1.813
     241,   0.400,   1.813
     242,   0.400,   1.812
     243,   0.400,   1.812
     244,   0.400,   1.812
     245,   0.400,   1.811
     246,   0.399,   1.809
     247,   0.399,   1.809
     248,   0.399,   1.808
     249,   0.399,   1.807
     250,   0.399,   1.807
     251,   0.398,   1.806
     252,   0.398,   1.805
     253,   0.398,   1.805
     254,   0.398,   1.804
     255,   0.398,   1.803
     256,   0.398,   1.802
     257,   0.397,   1.801
     258,   0.397,   1.801
     259,   0.397,   1.800
     260,   0.397,   1.800
     261,   0.397,   1.798
     262,   0.397,   1.798
     263,   0.397,   1.797
     264,   0.396,   1.796
     265,   0.396,   1.795
     266,   0.396,   1.795
     267,   0.396,   1.795
     268,   0.396,   1.794
     269,   0.396,   1.793
     270,   0.395,   1.792
     271,   0.395,   1.792
     272,   0.395,   1.790
     273,   0.395,   1.790
     274,   0.395,   1.790
     275,   0.395,   1.789
     276,   0.394,   1.788
     277,   0.394,   1.788
     278,   0.394,   1.787
     279,   0.394,   1.786
     280,   0.394,   1.784
     281,   0.394,   1.784
     282,   0.394,   1.784
     283,   0.393,   1.783
     284,   0.393,   1.782
     285,   0.393,   1.781
     286,   0.393,   1.780
     287,   0.393,   1.779
     288,   0.392,   1.778
     289,   0.392,   1.778
     290,   0.392,   1.778
     291,   0.392,   1.777
     292,   0.392,   1.777
     293,   0.392,   1.776
     294,   0.392,   1.775
     295,   0.391,   1.774
     296,   0.391,   1.773
     297,   0.391,   1.773
     298,   0.391,   1.772
     299,   0.391,   1.772
     300,   0.391,   1.771
     301,   0.391,   1.770
     302,   0.390,   1.769
     303,   0.390,   1.769
     304,   0.390,   1.768
     305,   0.390,   1.767
     306,   0.390,   1.767
     307,   0.390,   1.766
     308,   0.389,   1.765
     309,   0.389,   1.764
     310,   0.389,   1.764
     311,   0.389,   1.763
     312,   0.389,   1.762
     313,   0.389,   1.761
     314,   0.389,   1.761
     315,   0.388,   1.761
     316,   0.388,   1.760
     317,   0.388,   1.760
     318,   0.388,   1.759
     319,   0.388,   1.758
     320,   0.388,   1.757
     321,   0.388,   1.756
     322,   0.388,   1.756
     323,   0.388,   1.756
     324,   0.387,   1.756
     325,   0.387,   1.755
     326,   0.387,   1.754
     327,   0.387,   1.753
     328,   0.387,   1.752
     329,   0.386,   1.751
     330,   0.386,   1.750
     331,   0.386,   1.750
     332,   0.386,   1.750
     333,   0.386,   1.749
     334,   0.386,   1.748
     335,   0.385,   1.747
     336,   0.385,   1.747
     337,   0.385,   1.746
     338,   0.385,   1.745
     339,   0.385,   1.745
     340,   0.385,   1.745
     341,   0.385,   1.744
     342,   0.385,   1.743
     343,   0.385,   1.743
     344,   0.384,   1.742
     345,   0.384,   1.741
     346,   0.384,   1.740
     347,   0.384,   1.739
     348,   0.384,   1.739
     349,   0.384,   1.739
     350,   0.383,   1.738
     351,   0.383,   1.738
     352,   0.383,   1.737
     353,   0.383,   1.736
     354,   0.383,   1.736
     355,   0.383,   1.735
     356,   0.383,   1.734
     357,   0.383,   1.734
     358,   0.382,   1.733
     359,   0.382,   1.733
     360,   0.382,   1.732
     361,   0.382,   1.732
     362,   0.382,   1.731
     363,   0.382,   1.730
     364,   0.382,   1.729
     365,   0.382,   1.729
     366,   0.381,   1.728
     367,   0.381,   1.728
     368,   0.381,   1.727
     369,   0.381,   1.727
     370,   0.381,   1.726
     371,   0.381,   1.725
     372,   0.380,   1.724
     373,   0.380,   1.724
     374,   0.380,   1.723
     375,   0.380,   1.722
     376,   0.380,   1.722
     377,   0.380,   1.722
     378,   0.380,   1.721
     379,   0.379,   1.720
     380,   0.379,   1.719
     381,   0.379,   1.718
     382,   0.379,   1.718
     383,   0.379,   1.717
     384,   0.379,   1.716
     385,   0.379,   1.716
     386,   0.379,   1.716
     387,   0.378,   1.715
     388,   0.378,   1.715
     389,   0.378,   1.714
     390,   0.378,   1.713
     391,   0.378,   1.713
     392,   0.378,   1.712
     393,   0.378,   1.711
     394,   0.377,   1.711
     395,   0.377,   1.710
     396,   0.377,   1.710
     397,   0.377,   1.709
     398,   0.377,   1.709
     399,   0.377,   1.708
     400,   0.377,   1.707
     401,   0.376,   1.706
     402,   0.376,   1.706
     403,   0.376,   1.705
     404,   0.376,   1.705
     405,   0.376,   1.704
     406,   0.376,   1.704
     407,   0.376,   1.703
     408,   0.376,   1.702
     409,   0.375,   1.701
     410,   0.375,   1.701
     411,   0.375,   1.700
     412,   0.375,   1.700
     413,   0.375,   1.699
     414,   0.375,   1.699
     415,   0.375,   1.699
     416,   0.375,   1.698
     417,   0.375,   1.698
     418,   0.374,   1.697
     419,   0.374,   1.696
     420,   0.374,   1.696
     421,   0.374,   1.695
     422,   0.374,   1.694
     423,   0.374,   1.694
     424,   0.374,   1.694
     425,   0.373,   1.693
     426,   0.373,   1.692
     427,   0.373,   1.692
     428,   0.373,   1.691
     429,   0.373,   1.690
     430,   0.373,   1.690
     431,   0.373,   1.689
     432,   0.373,   1.688
     433,   0.372,   1.688
     434,   0.372,   1.688
     435,   0.372,   1.687
     436,   0.372,   1.687
     437,   0.372,   1.686
     438,   0.372,   1.685
     439,   0.372,   1.685
     440,   0.372,   1.684
     441,   0.372,   1.684
     442,   0.371,   1.683
     443,   0.371,   1.683
     444,   0.371,   1.683
     445,   0.371,   1.682
     446,   0.371,   1.682
     447,   0.371,   1.681
     448,   0.371,   1.680
     449,   0.371,   1.680
     450,   0.370,   1.679
     451,   0.370,   1.679
     452,   0.370,   1.678
     453,   0.370,   1.677
     454,   0.370,   1.677
     455,   0.370,   1.677
     456,   0.370,   1.676
     457,   0.370,   1.675
     458,   0.369,   1.674
     459,   0.369,   1.674
     460,   0.369,   1.673
     461,   0.369,   1.673
     462,   0.369,   1.672
     463,   0.369,   1.671
     464,   0.369,   1.671
     465,   0.369,   1.671
     466,   0.368,   1.670
     467,   0.368,   1.670
     468,   0.368,   1.669
     469,   0.368,   1.668
     470,   0.368,   1.668
     471,   0.368,   1.667
     472,   0.368,   1.667
     473,   0.368,   1.666
     474,   0.367,   1.666
     475,   0.367,   1.666
     476,   0.367,   1.665
     477,   0.367,   1.664
     478,   0.367,   1.664
     479,   0.367,   1.663
     480,   0.367,   1.662
     481,   0.367,   1.662
     482,   0.367,   1.661
     483,   0.366,   1.660
     484,   0.366,   1.660
     485,   0.366,   1.660
     486,   0.366,   1.659
     487,   0.366,   1.659
     488,   0.366,   1.658
     489,   0.366,   1.658
     490,   0.366,   1.657
     491,   0.365,   1.656
     492,   0.365,   1.656
     493,   0.365,   1.655
     494,   0.365,   1.654
     495,   0.365,   1.654
     496,   0.365,   1.654
     497,   0.365,   1.654
     498,   0.365,   1.653
     499,   0.364,   1.652
     500,   0.364,   1.652
     501,   0.364,   1.651
     502,   0.364,   1.650
     503,   0.364,   1.650
     504,   0.364,   1.649
     505,   0.364,   1.649
     506,   0.364,   1.649
     507,   0.364,   1.648
     508,   0.364,   1.648
     509,   0.363,   1.647
     510,   0.363,   1.647
     511,   0.363,   1.646
     512,   0.363,   1.645
     513,   0.363,   1.645
     514,   0.363,   1.644
     515,   0.363,   1.644
     516,   0.363,   1.643
     517,   0.363,   1.643
     518,   0.362,   1.643
     519,   0.362,   1.643
     520,   0.362,   1.642
     521,   0.362,   1.641
     522,   0.362,   1.641
     523,   0.362,   1.640
     524,   0.362,   1.640
     525,   0.362,   1.639
     526,   0.361,   1.638
     527,   0.361,   1.638
     528,   0.361,   1.637
     529,   0.361,   1.637
     530,   0.361,   1.637
     531,   0.361,   1.636
     532,   0.361,   1.636
     533,   0.361,   1.635
     534,   0.361,   1.635
     535,   0.361,   1.634
     536,   0.361,   1.634
     537,   0.360,   1.633
     538,   0.360,   1.632
     539,   0.360,   1.632
     540,   0.360,   1.632
     541,   0.360,   1.632
     542,   0.360,   1.631
     543,   0.360,   1.631
     544,   0.360,   1.630
     545,   0.359,   1.629
     546,   0.359,   1.629
     547,   0.359,   1.628
     548,   0.359,   1.627
     549,   0.359,   1.627
     550,   0.359,   1.626
     551,   0.359,   1.626
     552,   0.359,   1.626
     553,   0.359,   1.626
     554,   0.358,   1.625
     555,   0.358,   1.624
     556,   0.358,   1.624
     557,   0.358,   1.623
     558,   0.358,   1.623
     559,   0.358,   1.623
     560,   0.358,   1.622
     561,   0.358,   1.622
     562,   0.358,   1.621
     563,   0.358,   1.621
     564,   0.358,   1.621
     565,   0.357,   1.620
     566,   0.357,   1.619
     567,   0.357,   1.619
     568,   0.357,   1.618
     569,   0.357,   1.618
     570,   0.357,   1.617
     571,   0.357,   1.616
     572,   0.357,   1.616
     573,   0.356,   1.615
     574,   0.356,   1.615
     575,   0.356,   1.615
     576,   0.356,   1.614
     577,   0.356,   1.614
     578,   0.356,   1.613
     579,   0.356,   1.613
     580,   0.356,   1.612
     581,   0.356,   1.612
     582,   0.355,   1.611
     583,   0.355,   1.610
     584,   0.355,   1.610
     585,   0.355,   1.609
     586,   0.355,   1.609
     587,   0.355,   1.609
     588,   0.355,   1.609
     589,   0.355,   1.608
     590,   0.355,   1.608
     591,   0.355,   1.607
     592,   0.355,   1.607
     593,   0.354,   1.606
     594,   0.354,   1.606
     595,   0.354,   1.605
     596,   0.354,   1.605
     597,   0.354,   1.604
     598,   0.354,   1.604
     599,   0.354,   1.604
     600,   0.354,   1.603
     601,   0.354,   1.603
     602,   0.353,   1.602
     603,   0.353,   1.601
     604,   0.353,   1.601
     605,   0.353,   1.601
     606,   0.353,   1.600
     607,   0.353,   1.599
     608,   0.353,   1.599
     609,   0.353,   1.598
     610,   0.353,   1.598
     611,   0.352,   1.598
     612,   0.352,   1.598
     613,   0.352,   1.597
     614,   0.352,   1.597
     615,   0.352,   1.596
     616,   0.352,   1.595
     617,   0.352,   1.595
     618,   0.352,   1.594
     619,   0.352,   1.594
     620,   0.352,   1.594
     621,   0.352,   1.593
     622,   0.351,   1.592
     623,   0.351,   1.592
     624,   0.351,   1.592
     625,   0.351,   1.592
     626,   0.351,   1.591
     627,   0.351,   1.590
     628,   0.351,   1.590
     629,   0.351,   1.590
     630,   0.351,   1.589
     631,   0.351,   1.589
     632,   0.350,   1.588
     633,   0.350,   1.588
     634,   0.350,   1.587
     635,   0.350,   1.587
     636,   0.350,   1.587
     637,   0.350,   1.587
     638,   0.350,   1.586
     639,   0.350,   1.586
     640,   0.350,   1.585
     641,   0.350,   1.585
     642,   0.349,   1.584
     643,   0.349,   1.584
     644,   0.349,   1.583
     645,   0.349,   1.583
     646,   0.349,   1.582
     647,   0.349,   1.582
     648,   0.349,   1.581
     649,   0.349,   1.581
     650,   0.349,   1.581
     651,   0.349,   1.581
     652,   0.349,   1.580
     653,   0.348,   1.579
     654,   0.348,   1.579
     655,   0.348,   1.578
     656,   0.348,   1.578
     657,   0.348,   1.577
     658,   0.348,   1.577
     659,   0.348,   1.576
     660,   0.348,   1.576
     661,   0.348,   1.575
     662,   0.348,   1.575
     663,   0.347,   1.575
     664,   0.347,   1.575
     665,   0.347,   1.575
     666,   0.347,   1.574
     667,   0.347,   1.574
     668,   0.347,   1.573
     669,   0.347,   1.573
     670,   0.347,   1.572
     671,   0.347,   1.572
     672,   0.347,   1.571
     673,   0.347,   1.571
     674,   0.346,   1.570
     675,   0.346,   1.570
     676,   0.346,   1.570
     677,   0.346,   1.569
     678,   0.346,   1.569
     679,   0.346,   1.568
     680,   0.346,   1.568
     681,   0.346,   1.567
     682,   0.346,   1.567
     683,   0.346,   1.566
     684,   0.346,   1.566
     685,   0.345,   1.565
     686,   0.345,   1.565
     687,   0.345,   1.564
     688,   0.345,   1.564
     689,   0.345,   1.564
     690,   0.345,   1.563
     691,   0.345,   1.563
     692,   0.345,   1.562
     693,   0.345,   1.562
     694,   0.345,   1.562
     695,   0.344,   1.561
     696,   0.344,   1.561
     697,   0.344,   1.560
     698,   0.344,   1.560
     699,   0.344,   1.559
     700,   0.344,   1.559
     701,   0.344,   1.559
     702,   0.344,   1.559
     703,   0.344,   1.558
     704,   0.343,   1.557
     705,   0.343,   1.557
     706,   0.343,   1.556
     707,   0.343,   1.556
     708,   0.343,   1.555
     709,   0.343,   1.555
     710,   0.343,   1.555
     711,   0.343,   1.554
     712,   0.343,   1.554
     713,   0.343,   1.553
     714,   0.343,   1.553
     715,   0.343,   1.553
     716,   0.343,   1.553
     717,   0.343,   1.553
     718,   0.342,   1.552
     719,   0.342,   1.552
     720,   0.342,   1.551
     721,   0.342,   1.551
     722,   0.342,   1.551
     723,   0.342,   1.550
     724,   0.342,   1.549
     725,   0.342,   1.549
     726,   0.342,   1.548
     727,   0.342,   1.548
     728,   0.342,   1.548
     729,   0.341,   1.547
     730,   0.341,   1.547
     731,   0.341,   1.547
     732,   0.341,   1.546
     733,   0.341,   1.546
     734,   0.341,   1.545
     735,   0.341,   1.545
     736,   0.341,   1.544
     737,   0.341,   1.544
     738,   0.341,   1.544
     739,   0.340,   1.543
     740,   0.340,   1.543
     741,   0.340,   1.542
     742,   0.340,   1.542
     743,   0.340,   1.542
     744,   0.340,   1.542
     745,   0.340,   1.541
     746,   0.340,   1.541
     747,   0.340,   1.541
     748,   0.340,   1.540
     749,   0.340,   1.540
     750,   0.340,   1.539
     751,   0.340,   1.539
     752,   0.339,   1.538
     753,   0.339,   1.538
     754,   0.339,   1.538
     755,   0.339,   1.537
     756,   0.339,   1.537
     757,   0.339,   1.536
     758,   0.339,   1.536
     759,   0.339,   1.536
     760,   0.339,   1.536
     761,   0.339,   1.535
     762,   0.339,   1.535
     763,   0.339,   1.535
     764,   0.338,   1.534
     765,   0.338,   1.533
     766,   0.338,   1.533
     767,   0.338,   1.532
     768,   0.338,   1.532
     769,   0.338,   1.532
     770,   0.338,   1.531
     771,   0.338,   1.531
     772,   0.338,   1.530
     773,   0.338,   1.530
     774,   0.338,   1.530
     775,   0.337,   1.530
     776,   0.337,   1.530
     777,   0.337,   1.529
     778,   0.337,   1.528
     779,   0.337,   1.528
     780,   0.337,   1.527
     781,   0.337,   1.527
     782,   0.337,   1.527
     783,   0.337,   1.526
     784,   0.337,   1.526
     785,   0.337,   1.525
     786,   0.337,   1.525
     787,   0.336,   1.525
     788,   0.336,   1.525
     789,   0.336,   1.525
     790,   0.336,   1.524
     791,   0.336,   1.524
     792,   0.336,   1.523
     793,   0.336,   1.523
     794,   0.336,   1.522
     795,   0.336,   1.522
     796,   0.336,   1.521
     797,   0.336,   1.521
     798,   0.335,   1.520
     799,   0.335,   1.520
     800,   0.335,   1.519
     801,   0.335,   1.519
     802,   0.335,   1.519
     803,   0.335,   1.519
     804,   0.335,   1.519
     805,   0.335,   1.518
     806,   0.335,   1.518
     807,   0.335,   1.518
     808,   0.335,   1.517
     809,   0.335,   1.517
     810,   0.334,   1.516
     811,   0.334,   1.516
     812,   0.334,   1.515
     813,   0.334,   1.515
     814,   0.334,   1.514
     815,   0.334,   1.514
     816,   0.334,   1.513
     817,   0.334,   1.513
     818,   0.334,   1.513
     819,   0.334,   1.513
     820,   0.334,   1.513
     821,   0.334,   1.512
     822,   0.334,   1.512
     823,   0.333,   1.511
     824,   0.333,   1.511
     825,   0.333,   1.510
     826,   0.333,   1.510
     827,   0.333,   1.510
     828,   0.333,   1.509
     829,   0.333,   1.509
     830,   0.333,   1.509
     831,   0.333,   1.508
     832,   0.333,   1.508
     833,   0.333,   1.508
     834,   0.333,   1.508
     835,   0.333,   1.508
     836,   0.332,   1.507
     837,   0.332,   1.507
     838,   0.332,   1.506
     839,   0.332,   1.506
     840,   0.332,   1.505
     841,   0.332,   1.505
     842,   0.332,   1.504
     843,   0.332,   1.504
     844,   0.332,   1.504
     845,   0.332,   1.503
     846,   0.332,   1.503
     847,   0.331,   1.502
     848,   0.331,   1.502
     849,   0.331,   1.502
     850,   0.331,   1.502
     851,   0.331,   1.501
     852,   0.331,   1.501
     853,   0.331,   1.501
     854,   0.331,   1.500
     855,   0.331,   1.500
     856,   0.331,   1.499
     857,   0.331,   1.499
     858,   0.331,   1.498
     859,   0.331,   1.498
     860,   0.331,   1.498
     861,   0.330,   1.497
     862,   0.330,   1.497
     863,   0.330,   1.497
     864,   0.330,   1.497
     865,   0.330,   1.497
     866,   0.330,   1.496
     867,   0.330,   1.496
     868,   0.330,   1.496
     869,   0.330,   1.495
     870,   0.330,   1.495
     871,   0.330,   1.495
     872,   0.330,   1.494
     873,   0.330,   1.494
     874,   0.329,   1.493
     875,   0.329,   1.493
     876,   0.329,   1.492
     877,   0.329,   1.492
     878,   0.329,   1.491
     879,   0.329,   1.491
     880,   0.329,   1.491
     881,   0.329,   1.491
     882,   0.329,   1.491
     883,   0.329,   1.490
     884,   0.329,   1.490
     885,   0.329,   1.490
     886,   0.328,   1.489
     887,   0.328,   1.489
     888,   0.328,   1.488
     889,   0.328,   1.488
     890,   0.328,   1.488
     891,   0.328,   1.487
     892,   0.328,   1.487
     893,   0.328,   1.487
     894,   0.328,   1.486
     895,   0.328,   1.486
     896,   0.328,   1.486
     897,   0.328,   1.485
     898,   0.328,   1.485
     899,   0.328,   1.485
     900,   0.328,   1.485
     901,   0.327,   1.484
     902,   0.327,   1.484
     903,   0.327,   1.483
     904,   0.327,   1.483
     905,   0.327,   1.483
     906,   0.327,   1.482
     907,   0.327,   1.482
     908,   0.327,   1.481
     909,   0.327,   1.481
     910,   0.327,   1.481
     911,   0.327,   1.480
     912,   0.327,   1.480
     913,   0.326,   1.480
     914,   0.326,   1.480
     915,   0.326,   1.480
     916,   0.326,   1.479
     917,   0.326,   1.479
     918,   0.326,   1.478
     919,   0.326,   1.478
     920,   0.326,   1.478
     921,   0.326,   1.477
     922,   0.326,   1.477
     923,   0.326,   1.476
     924,   0.326,   1.476
     925,   0.326,   1.476
     926,   0.325,   1.475
     927,   0.325,   1.475
     928,   0.325,   1.474
     929,   0.325,   1.474
     930,   0.325,   1.474
     931,   0.325,   1.474
     932,   0.325,   1.474
     933,   0.325,   1.474
     934,   0.325,   1.473
     935,   0.325,   1.473
     936,   0.325,   1.472
     937,   0.325,   1.472
     938,   0.325,   1.472
     939,   0.325,   1.471
     940,   0.325,   1.471
     941,   0.325,   1.471
     942,   0.324,   1.470
     943,   0.324,   1.469
     944,   0.324,   1.469
     945,   0.324,   1.469
     946,   0.324,   1.468
     947,   0.324,   1.468
     948,   0.324,   1.468
     949,   0.324,   1.468
     950,   0.324,   1.468
     951,   0.324,   1.467
     952,   0.324,   1.467
     953,   0.323,   1.466
     954,   0.323,   1.466
     955,   0.323,   1.466
     956,   0.323,   1.465
     957,   0.323,   1.465
     958,   0.323,   1.465
     959,   0.323,   1.464
     960,   0.323,   1.464
     961,   0.323,   1.464
     962,   0.323,   1.463
     963,   0.323,   1.463
     964,   0.323,   1.463
     965,   0.323,   1.463
     966,   0.323,   1.463
     967,   0.323,   1.463
     968,   0.322,   1.462
     969,   0.322,   1.462
     970,   0.322,   1.461
     971,   0.322,   1.461
     972,   0.322,   1.461
     973,   0.322,   1.460
     974,   0.322,   1.460
     975,   0.322,   1.459
     976,   0.322,   1.459
     977,   0.322,   1.459
     978,   0.322,   1.458
     979,   0.322,   1.458
     980,   0.322,   1.458
     981,   0.322,   1.457
     982,   0.322,   1.457
     983,   0.321,   1.457
     984,   0.321,   1.457
     985,   0.321,   1.457
     986,   0.321,   1.456
     987,   0.321,   1.456
     988,   0.321,   1.456
     989,   0.321,   1.455
     990,   0.321,   1.455
     991,   0.321,   1.455
     992,   0.321,   1.454
     993,   0.321,   1.454
     994,   0.321,   1.454
     995,   0.321,   1.453
     996,   0.321,   1.453
     997,   0.320,   1.452
     998,   0.320,   1.452
     999,   0.320,   1.452
    1000,   0.320,   1.451
    1001,   0.320,   1.451
    1002,   0.320,   1.451
    1003,   0.320,   1.451
    1004,   0.320,   1.451
    1005,   0.320,   1.451
    1006,   0.320,   1.450
    1007,   0.320,   1.450
    1008,   0.320,   1.449
    1009,   0.320,   1.449
    1010,   0.320,   1.449
    1011,   0.320,   1.448
    1012,   0.320,   1.448
    1013,   0.320,   1.448
    1014,   0.319,   1.447
    1015,   0.319,   1.447
    1016,   0.319,   1.447
    1017,   0.319,   1.446
    1018,   0.319,   1.446
    1019,   0.319,   1.446
    1020,   0.319,   1.446
    1021,   0.319,   1.446
    1022,   0.319,   1.445
    1023,   0.319,   1.445
    1024,   0.319,   1.444
    1025,   0.319,   1.444
    1026,   0.319,   1.444
    1027,   0.318,   1.443
    1028,   0.318,   1.443
    1029,   0.318,   1.442
    1030,   0.318,   1.442
    1031,   0.318,   1.441
    1032,   0.318,   1.441
    1033,   0.318,   1.441
    1034,   0.318,   1.441
    1035,   0.318,   1.440
    1036,   0.318,   1.440
    1037,   0.318,   1.440
    1038,   0.318,   1.440
    1039,   0.318,   1.440
    1040,   0.318,   1.440
    1041,   0.317,   1.439
    1042,   0.317,   1.439
    1043,   0.317,   1.439
    1044,   0.317,   1.438
    1045,   0.317,   1.438
    1046,   0.317,   1.437
    1047,   0.317,   1.437
    1048,   0.317,   1.437
    1049,   0.317,   1.437
    1050,   0.317,   1.436
    1051,   0.317,   1.436
    1052,   0.317,   1.436
    1053,   0.317,   1.435
    1054,   0.317,   1.435
    1055,   0.317,   1.435
    1056,   0.317,   1.435
    1057,   0.317,   1.435
    1058,   0.316,   1.434
    1059,   0.316,   1.434
    1060,   0.316,   1.433
    1061,   0.316,   1.433
    1062,   0.316,   1.433
    1063,   0.316,   1.432
    1064,   0.316,   1.432
    1065,   0.316,   1.432
    1066,   0.316,   1.431
    1067,   0.316,   1.431
    1068,   0.316,   1.431
    1069,   0.316,   1.430
    1070,   0.316,   1.430
    1071,   0.316,   1.430
    1072,   0.316,   1.430
    1073,   0.315,   1.429
    1074,   0.315,   1.429
    1075,   0.315,   1.429
    1076,   0.315,   1.429
    1077,   0.315,   1.429
    1078,   0.315,   1.428
    1079,   0.315,   1.428
    1080,   0.315,   1.428
    1081,   0.315,   1.427
    1082,   0.315,   1.427
    1083,   0.315,   1.427
    1084,   0.315,   1.426
    1085,   0.315,   1.426
    1086,   0.315,   1.426
    1087,   0.314,   1.425
    1088,   0.314,   1.425
    1089,   0.314,   1.425
    1090,   0.314,   1.424
    1091,   0.314,   1.424
    1092,   0.314,   1.423
    1093,   0.314,   1.423
    1094,   0.314,   1.423
    1095,   0.314,   1.423
    1096,   0.314,   1.423
    1097,   0.314,   1.423
    1098,   0.314,   1.423
    1099,   0.314,   1.422
    1100,   0.314,   1.422
    1101,   0.314,   1.422
    1102,   0.314,   1.422
    1103,   0.314,   1.421
    1104,   0.314,   1.421
    1105,   0.313,   1.420
    1106,   0.313,   1.420
    1107,   0.313,   1.420
    1108,   0.313,   1.419
    1109,   0.313,   1.419
    1110,   0.313,   1.419
    1111,   0.313,   1.418
    1112,   0.313,   1.418
    1113,   0.313,   1.418
    1114,   0.313,   1.418
    1115,   0.313,   1.418
    1116,   0.313,   1.418
    1117,   0.313,   1.417
    1118,   0.313,   1.417
    1119,   0.313,   1.417
    1120,   0.312,   1.416
    1121,   0.312,   1.416
    1122,   0.312,   1.415
    1123,   0.312,   1.415
    1124,   0.312,   1.415
    1125,   0.312,   1.414
    1126,   0.312,   1.414
    1127,   0.312,   1.414
    1128,   0.312,   1.414
    1129,   0.312,   1.413
    1130,   0.312,   1.413
    1131,   0.312,   1.412
    1132,   0.312,   1.412
    1133,   0.312,   1.412
    1134,   0.312,   1.412
    1135,   0.311,   1.412
    1136,   0.311,   1.412
    1137,   0.311,   1.412
    1138,   0.311,   1.411
    1139,   0.311,   1.411
    1140,   0.311,   1.411
    1141,   0.311,   1.410
    1142,   0.311,   1.410
    1143,   0.311,   1.410
    1144,   0.311,   1.409
    1145,   0.311,   1.409
    1146,   0.311,   1.409
    1147,   0.311,   1.408
    1148,   0.311,   1.408
    1149,   0.311,   1.408
    1150,   0.311,   1.408
    1151,   0.311,   1.407
    1152,   0.311,   1.407
    1153,   0.311,   1.407
    1154,   0.310,   1.406
    1155,   0.310,   1.406
    1156,   0.310,   1.406
    1157,   0.310,   1.406
    1158,   0.310,   1.406
    1159,   0.310,   1.405
    1160,   0.310,   1.405
    1161,   0.310,   1.405
    1162,   0.310,   1.404
    1163,   0.310,   1.404
    1164,   0.310,   1.404
    1165,   0.310,   1.403
    1166,   0.310,   1.403
    1167,   0.310,   1.403
    1168,   0.309,   1.402
    1169,   0.309,   1.402
    1170,   0.309,   1.402
    1171,   0.309,   1.402
    1172,   0.309,   1.401
    1173,   0.309,   1.401
    1174,   0.309,   1.401
    1175,   0.309,   1.401
    1176,   0.309,   1.401
    1177,   0.309,   1.400
    1178,   0.309,   1.400
    1179,   0.309,   1.400
    1180,   0.309,   1.400
    1181,   0.309,   1.399
    1182,   0.309,   1.399
    1183,   0.309,   1.399
    1184,   0.308,   1.398
    1185,   0.308,   1.398
    1186,   0.308,   1.398
    1187,   0.308,   1.397
    1188,   0.308,   1.397
    1189,   0.308,   1.397
    1190,   0.308,   1.396
    1191,   0.308,   1.396
    1192,   0.308,   1.396
    1193,   0.308,   1.396
    1194,   0.308,   1.395
    1195,   0.308,   1.395
    1196,   0.308,   1.395
    1197,   0.308,   1.395
    1198,   0.308,   1.395
    1199,   0.308,   1.395
    1200,   0.308,   1.394
    1201,   0.308,   1.394
    1202,   0.308,   1.394
    1203,   0.307,   1.393
    1204,   0.307,   1.393
    1205,   0.307,   1.392
    1206,   0.307,   1.392
    1207,   0.307,   1.392
    1208,   0.307,   1.392
    1209,   0.307,   1.391
    1210,   0.307,   1.391
    1211,   0.307,   1.391
    1212,   0.307,   1.390
    1213,   0.307,   1.390
    1214,   0.307,   1.390
    1215,   0.307,   1.390
    1216,   0.307,   1.389
    1217,   0.307,   1.389
    1218,   0.307,   1.389
    1219,   0.306,   1.389
    1220,   0.306,   1.389
    1221,   0.306,   1.389
    1222,   0.306,   1.388
    1223,   0.306,   1.388
    1224,   0.306,   1.388
    1225,   0.306,   1.388
    1226,   0.306,   1.387
    1227,   0.306,   1.387
    1228,   0.306,   1.387
    1229,   0.306,   1.386
    1230,   0.306,   1.386
    1231,   0.306,   1.386
    1232,   0.306,   1.386
    1233,   0.306,   1.385
    1234,   0.306,   1.385
    1235,   0.305,   1.384
    1236,   0.305,   1.384
    1237,   0.305,   1.384
    1238,   0.305,   1.384
    1239,   0.305,   1.384
    1240,   0.305,   1.384
    1241,   0.305,   1.384
    1242,   0.305,   1.383
    1243,   0.305,   1.383
    1244,   0.305,   1.383
    1245,   0.305,   1.382
    1246,   0.305,   1.382
    1247,   0.305,   1.382
    1248,   0.305,   1.381
    1249,   0.305,   1.381
    1250,   0.305,   1.381
    1251,   0.305,   1.381
    1252,   0.305,   1.380
    1253,   0.305,   1.380
    1254,   0.305,   1.380
    1255,   0.305,   1.380
    1256,   0.304,   1.379
    1257,   0.304,   1.379
    1258,   0.304,   1.379
    1259,   0.304,   1.378
    1260,   0.304,   1.378
    1261,   0.304,   1.378
    1262,   0.304,   1.378
    1263,   0.304,   1.378
    1264,   0.304,   1.378
    1265,   0.304,   1.378
    1266,   0.304,   1.377
    1267,   0.304,   1.377
    1268,   0.304,   1.377
    1269,   0.304,   1.377
    1270,   0.304,   1.376
    1271,   0.304,   1.376
    1272,   0.303,   1.375
    1273,   0.303,   1.375
    1274,   0.303,   1.375
    1275,   0.303,   1.375
    1276,   0.303,   1.374
    1277,   0.303,   1.374
    1278,   0.303,   1.374
    1279,   0.303,   1.373
    1280,   0.303,   1.373
    1281,   0.303,   1.373
    1282,   0.303,   1.373
    1283,   0.303,   1.373
    1284,   0.303,   1.373
    1285,   0.303,   1.373
    1286,   0.303,   1.372
    1287,   0.303,   1.372
    1288,   0.303,   1.372
    1289,   0.303,   1.372
    1290,   0.302,   1.371
    1291,   0.302,   1.371
    1292,   0.302,   1.371
    1293,   0.302,   1.371
    1294,   0.302,   1.370
    1295,   0.302,   1.370
    1296,   0.302,   1.370
    1297,   0.302,   1.369
    1298,   0.302,   1.369
    1299,   0.302,   1.369
    1300,   0.302,   1.368
    1301,   0.302,   1.368
    1302,   0.302,   1.368
    1303,   0.302,   1.368
    1304,   0.302,   1.367
    1305,   0.302,   1.367
    1306,   0.302,   1.367
    1307,   0.302,   1.367
    1308,   0.302,   1.367
    1309,   0.302,   1.367
    1310,   0.301,   1.366
    1311,   0.301,   1.366
    1312,   0.301,   1.366
    1313,   0.301,   1.365
    1314,   0.301,   1.365
    1315,   0.301,   1.365
    1316,   0.301,   1.364
    1317,   0.301,   1.364
    1318,   0.301,   1.364
    1319,   0.301,   1.364
    1320,   0.301,   1.363
    1321,   0.301,   1.363
    1322,   0.301,   1.363
    1323,   0.301,   1.362
    1324,   0.301,   1.362
    1325,   0.301,   1.362
    1326,   0.300,   1.361
    1327,   0.300,   1.361
    1328,   0.300,   1.361
    1329,   0.300,   1.361
    1330,   0.300,   1.361
    1331,   0.300,   1.361
    1332,   0.300,   1.361
    1333,   0.300,   1.360
    1334,   0.300,   1.360
    1335,   0.300,   1.360
    1336,   0.300,   1.360
    1337,   0.300,   1.359
    1338,   0.300,   1.359
    1339,   0.300,   1.359
    1340,   0.300,   1.359
    1341,   0.300,   1.358
    1342,   0.300,   1.358
    1343,   0.300,   1.358
    1344,   0.300,   1.358
    1345,   0.299,   1.357
    1346,   0.299,   1.357
    1347,   0.299,   1.357
    1348,   0.299,   1.356
    1349,   0.299,   1.356
    1350,   0.299,   1.356
    1351,   0.299,   1.356
    1352,   0.299,   1.356
    1353,   0.299,   1.356
    1354,   0.299,   1.356
    1355,   0.299,   1.355
    1356,   0.299,   1.355
    1357,   0.299,   1.355
    1358,   0.299,   1.355
    1359,   0.299,   1.354
    1360,   0.299,   1.354
    1361,   0.299,   1.354
    1362,   0.299,   1.353
    1363,   0.299,   1.353
    1364,   0.299,   1.353
    1365,   0.299,   1.353
    1366,   0.298,   1.352
    1367,   0.298,   1.352
    1368,   0.298,   1.352
    1369,   0.298,   1.352
    1370,   0.298,   1.351
    1371,   0.298,   1.351
    1372,   0.298,   1.351
    1373,   0.298,   1.350
    1374,   0.298,   1.350
    1375,   0.298,   1.350
    1376,   0.298,   1.350
    1377,   0.298,   1.350
    1378,   0.298,   1.350
    1379,   0.298,   1.350
    1380,   0.298,   1.349
    1381,   0.298,   1.349
    1382,   0.298,   1.349
    1383,   0.298,   1.349
    1384,   0.297,   1.348
    1385,   0.297,   1.348
    1386,   0.297,   1.348
    1387,   0.297,   1.348
    1388,   0.297,   1.347
    1389,   0.297,   1.347
    1390,   0.297,   1.347
    1391,   0.297,   1.347
    1392,   0.297,   1.346
    1393,   0.297,   1.346
    1394,   0.297,   1.346
    1395,   0.297,   1.345
    1396,   0.297,   1.345
    1397,   0.297,   1.345
    1398,   0.297,   1.345
    1399,   0.297,   1.344
    1400,   0.297,   1.344
    1401,   0.297,   1.344
    1402,   0.297,   1.344
    1403,   0.296,   1.344
    1404,   0.296,   1.344
    1405,   0.296,   1.344
    1406,   0.296,   1.344
    1407,   0.296,   1.343
    1408,   0.296,   1.343
    1409,   0.296,   1.343
    1410,   0.296,   1.343
    1411,   0.296,   1.342
    1412,   0.296,   1.342
    1413,   0.296,   1.342
    1414,   0.296,   1.341
    1415,   0.296,   1.341
    1416,   0.296,   1.341
    1417,   0.296,   1.341
    1418,   0.296,   1.340
    1419,   0.296,   1.340
    1420,   0.296,   1.340
    1421,   0.296,   1.340
    1422,   0.296,   1.339
    1423,   0.296,   1.339
    1424,   0.296,   1.339
    1425,   0.295,   1.339
    1426,   0.295,   1.339
    1427,   0.295,   1.339
    1428,   0.295,   1.339
    1429,   0.295,   1.338
    1430,   0.295,   1.338
    1431,   0.295,   1.338
    1432,   0.295,   1.337
    1433,   0.295,   1.337
    1434,   0.295,   1.337
    1435,   0.295,   1.336
    1436,   0.295,   1.336
    1437,   0.295,   1.336
    1438,   0.295,   1.336
    1439,   0.295,   1.336
    1440,   0.295,   1.335
    1441,   0.295,   1.335
    1442,   0.295,   1.335
    1443,   0.295,   1.335
    1444,   0.294,   1.334
    1445,   0.294,   1.334
    1446,   0.294,   1.334
    1447,   0.294,   1.333
    1448,   0.294,   1.333
    1449,   0.294,   1.333
    1450,   0.294,   1.333
    1451,   0.294,   1.333
    1452,   0.294,   1.333
    1453,   0.294,   1.333
    1454,   0.294,   1.333
    1455,   0.294,   1.332
    1456,   0.294,   1.332
    1457,   0.294,   1.332
    1458,   0.294,   1.332
    1459,   0.294,   1.331
    1460,   0.294,   1.331
    1461,   0.294,   1.331
    1462,   0.294,   1.331
    1463,   0.293,   1.330
    1464,   0.293,   1.330
    1465,   0.293,   1.330
    1466,   0.293,   1.330
    1467,   0.293,   1.329
    1468,   0.293,   1.329
    1469,   0.293,   1.329
    1470,   0.293,   1.328
    1471,   0.293,   1.328
    1472,   0.293,   1.328
    1473,   0.293,   1.327
    1474,   0.293,   1.327
    1475,   0.293,   1.327
    1476,   0.293,   1.327
    1477,   0.293,   1.327
    1478,   0.293,   1.327
    1479,   0.293,   1.327
    1480,   0.293,   1.327
    1481,   0.293,   1.327
    1482,   0.293,   1.326
    1483,   0.293,   1.326
    1484,   0.293,   1.326
    1485,   0.293,   1.326
    1486,   0.292,   1.325
    1487,   0.292,   1.325
    1488,   0.292,   1.325
    1489,   0.292,   1.325
    1490,   0.292,   1.324
    1491,   0.292,   1.324
    1492,   0.292,   1.324
    1493,   0.292,   1.324
    1494,   0.292,   1.323
    1495,   0.292,   1.323
    1496,   0.292,   1.323
    1497,   0.292,   1.322
    1498,   0.292,   1.322
    1499,   0.292,   1.322
    1500,   0.292,   1.322
    1501,   0.292,   1.322
    1502,   0.292,   1.322
    1503,   0.292,   1.322
    1504,   0.292,   1.322
    1505,   0.291,   1.321
    1506,   0.291,   1.321
    1507,   0.291,   1.321
    1508,   0.291,   1.321
    1509,   0.291,   1.320
    1510,   0.291,   1.320
    1511,   0.291,   1.320
    1512,   0.291,   1.320
    1513,   0.291,   1.319
    1514,   0.291,   1.319
    1515,   0.291,   1.319
    1516,   0.291,   1.319
    1517,   0.291,   1.319
    1518,   0.291,   1.318
    1519,   0.291,   1.318
    1520,   0.291,   1.318
    1521,   0.291,   1.318
    1522,   0.291,   1.317
    1523,   0.291,   1.317
    1524,   0.291,   1.317
    1525,   0.291,   1.317
    1526,   0.290,   1.316
    1527,   0.290,   1.316
    1528,   0.290,   1.316
    1529,   0.290,   1.316
    1530,   0.290,   1.316
    1531,   0.290,   1.316
    1532,   0.290,   1.316
    1533,   0.290,   1.315
    1534,   0.290,   1.315
    1535,   0.290,   1.315
    1536,   0.290,   1.315
    1537,   0.290,   1.314
    1538,   0.290,   1.314
    1539,   0.290,   1.314
    1540,   0.290,   1.314
    1541,   0.290,   1.313
    1542,   0.290,   1.313
    1543,   0.290,   1.313
    1544,   0.290,   1.313
    1545,   0.290,   1.312
    1546,   0.290,   1.312
    1547,   0.290,   1.312
    1548,   0.290,   1.312
    1549,   0.290,   1.312
    1550,   0.289,   1.311
    1551,   0.289,   1.311
    1552,   0.289,   1.311
    1553,   0.289,   1.311
    1554,   0.289,   1.311
    1555,   0.289,   1.311
    1556,   0.289,   1.311
    1557,   0.289,   1.311
    1558,   0.289,   1.310
    1559,   0.289,   1.310
    1560,   0.289,   1.310
    1561,   0.289,   1.310
    1562,   0.289,   1.309
    1563,   0.289,   1.309
    1564,   0.289,   1.309
    1565,   0.289,   1.309
    1566,   0.289,   1.309
    1567,   0.289,   1.308
    1568,   0.289,   1.308
    1569,   0.289,   1.308
    1570,   0.289,   1.308
    1571,   0.288,   1.307
    1572,   0.288,   1.307
    1573,   0.288,   1.307
    1574,   0.288,   1.307
    1575,   0.288,   1.306
    1576,   0.288,   1.306
    1577,   0.288,   1.306
    1578,   0.288,   1.306
    1579,   0.288,   1.305
    1580,   0.288,   1.305
    1581,   0.288,   1.305
    1582,   0.288,   1.305
    1583,   0.288,   1.305
    1584,   0.288,   1.305
    1585,   0.288,   1.305
    1586,   0.288,   1.305
    1587,   0.288,   1.305
    1588,   0.288,   1.304
    1589,   0.288,   1.304
    1590,   0.288,   1.304
    1591,   0.288,   1.304
    1592,   0.287,   1.303
    1593,   0.287,   1.303
    1594,   0.287,   1.303
    1595,   0.287,   1.303
    1596,   0.287,   1.302
    1597,   0.287,   1.302
    1598,   0.287,   1.302
    1599,   0.287,   1.301
    1600,   0.287,   1.301
    1601,   0.287,   1.301
    1602,   0.287,   1.301
    1603,   0.287,   1.301
    1604,   0.287,   1.301
    1605,   0.287,   1.301
    1606,   0.287,   1.301
    1607,   0.287,   1.301
    1608,   0.287,   1.301
    1609,   0.287,   1.301
    1610,   0.286,   1.301
    1611,   0.286,   1.301
    1612,   0.286,   1.301
    1613,   0.286,   1.301
    1614,   0.286,   1.301
    1615,   0.285,   1.301
    1616,   0.285,   1.301
    1617,   0.285,   1.301
    1618,   0.285,   1.301
    1619,   0.284,   1.301
    1620,   0.284,   1.301
    1621,   0.284,   1.301
    1622,   0.284,   1.301
    1623,   0.283,   1.301
    1624,   0.283,   1.301
    1625,   0.283,   1.301
    1626,   0.282,   1.301
    1627,   0.282,   1.301
    1628,   0.281,   1.301
    1629,   0.281,   1.301
    1630,   0.281,   1.301
    1631,   0.280,   1.301
    1632,   0.280,   1.301
    1633,   0.279,   1.301
    1634,   0.279,   1.301
    1635,   0.278,   1.301
    1636,   0.278,   1.301
    1637,   0.277,   1.301
    1638,   0.277,   1.301
    1639,   0.276,   1.301
    1640,   0.276,   1.301
    1641,   0.275,   1.301
    1642,   0.274,   1.301
    1643,   0.274,   1.301
    1644,   0.273,   1.301
    1645,   0.273,   1.301
    1646,   0.272,   1.301
    1647,   0.271,   1.301
    1648,   0.271,   1.301
    1649,   0.270,   1.301
    1650,   0.269,   1.301
    1651,   0.268,   1.301
    1652,   0.268,   1.301
    1653,   0.267,   1.301
    1654,   0.266,   1.301
    1655,   0.265,   1.301
    1656,   0.265,   1.301
    1657,   0.264,   1.301
    1658,   0.263,   1.301
    1659,   0.262,   1.301
    1660,   0.261,   1.301
    1661,   0.260,   1.301
    1662,   0.259,   1.301
    1663,   0.259,   1.301
    1664,   0.258,   1.301
    1665,   0.257,   1.301
    1666,   0.256,   1.301
    1667,   0.255,   1.301
    1668,   0.254,   1.301
    1669,   0.253,   1.301
    1670,   0.252,   1.301
    1671,   0.251,   1.301
    1672,   0.250,   1.301
    1673,   0.249,   1.301
    1674,   0.248,   1.301
    1675,   0.247,   1.301
    1676,   0.246,   1.301
    1677,   0.245,   1.301
    1678,   0.243,   1.301
    1679,   0.242,   1.301
    1680,   0.241,   1.301
    1681,   0.240,   1.301
    1682,   0.239,   1.301
    1683,   0.238,   1.301
    1684,   0.236,   1.301
    1685,   0.235,   1.301
    1686,   0.234,   1.301
    1687,   0.233,   1.301
    1688,   0.232,   1.301
    1689,   0.230,   1.301
    1690,   0.229,   1.301
    1691,   0.228,   1.301
    1692,   0.226,   1.301
    1693,   0.225,   1.301
    1694,   0.224,   1.301
    1695,   0.222,   1.301
    1696,   0.221,   1.301
    1697,   0.220,   1.301
    1698,   0.218,   1.301
    1699,   0.217,   1.301
    1700,   0.215,   1.301
    1701,   0.214,   1.301
    1702,   0.212,   1.301
    1703,   0.211,   1.301
    1704,   0.209,   1.301
    1705,   0.208,   1.301
    1706,   0.206,   1.301
    1707,   0.205,   1.301
    1708,   0.203,   1.301
    1709,   0.202,   1.301
    1710,   0.200,   1.301
    1711,   0.199,   1.301
    1712,   0.197,   1.301
    1713,   0.195,   1.301
    1714,   0.194,   1.301
    1715,   0.192,   1.301
    1716,   0.191,   1.301
    1717,   0.189,   1.301
    1718,   0.187,   1.301
    1719,   0.185,   1.301
    1720,   0.184,   1.301
    1721,   0.182,   1.301
    1722,   0.180,   1.301
    1723,   0.179,   1.301
    1724,   0.177,   1.301
    1725,   0.175,   1.301
    1726,   0.173,   1.301
    1727,   0.171,   1.301
    1728,   0.169,   1.301
    1729,   0.168,   1.301
    1730,   0.166,   1.301
    1731,   0.164,   1.301
    1732,   0.162,   1.301
    1733,   0.160,   1.301
    1734,   0.158,   1.301
    1735,   0.156,   1.301
    1736,   0.154,   1.301
    1737,   0.152,   1.301
    1738,   0.150,   1.301
    1739,   0.148,   1.301
    1740,   0.146,   1.301
    1741,   0.144,   1.301
    1742,   0.142,   1.301
    1743,   0.140,   1.301
    1744,   0.138,   1.301
    1745,   0.136,   1.301
    1746,   0.134,   1.301
    1747,   0.132,   1.301
    1748,   0.130,   1.301
    1749,   0.128,   1.301
    1750,   0.126,   1.301
    1751,   0.123,   1.301
    1752,   0.121,   1.301
    1753,   0.119,   1.301
    1754,   0.117,   1.301
    1755,   0.115,   1.301
    1756,   0.112,   1.301
    1757,   0.110,   1.301
    1758,   0.108,   1.301
    1759,   0.106,   1.301
    1760,   0.103,   1.301
    1761,   0.101,   1.301
    1762,   0.099,   1.301
    1763,   0.096,   1.301
    1764,   0.094,   1.301
    1765,   0.092,   1.301
    1766,   0.089,   1.301
    1767,   0.087,   1.301
    1768,   0.085,   1.301
    1769,   0.082,   1.301
    1770,   0.080,   1.301
    1771,   0.077,   1.301
    1772,   0.075,   1.301
    1773,   0.072,   1.301
    1774,   0.070,   1.301
    1775,   0.067,   1.301
    1776,   0.065,   1.301
    1777,   0.062,   1.301
    1778,   0.060,   1.301
    1779,   0.057,   1.301
    1780,   0.055,   1.301
    1781,   0.052,   1.301
    1782,   0.049,   1.301
    1783,   0.047,   1.301
    1784,   0.044,   1.301
    1785,   0.041,   1.301
    1786,   0.039,   1.301
    1787,   0.036,   1.301
    1788,   0.033,   1.301
    1789,   0.031,   1.301
    1790,   0.028,   1.301
    1791,   0.025,   1.301
    1792,   0.023,   1.301
    1793,   0.020,   1.301
    1794,   0.017,   1.301
    1795,   0.014,   1.301
    1796,   0.011,   1.301
    1797,   0.009,   1.301
    1798,   0.006,   1.301
    1799,   0.003,   1.301
    1800,   0.000,   1.301
    1801,   0.000,   1.301
    1802,   0.000,   1.301
    1803,   0.000,   1.301
    1804,   0.000,   1.301
    1805,   0.000,   1.301
    1806,   0.000,   1.301
    1807,   0.000,   1.301
    1808,   0.000,   1.301
    1809,   0.000,   1.301
    1810,   0.000,   1.301
    1811,   0.000,   1.301
    1812,   0.000,   1.301
    1813,   0.000,   1.301
    1814,   0.000,   1.301
    1815,   0.000,   1.301
    1816,   0.000,   1.301
    1817,   0.000,   1.301
    1818,   0.000,   1.301
    1819,   0.000,   1.301
    1820,   0.000,   1.301
    1821,   0.000,   1.301
    1822,   0.000,   1.301
    1823,   0.000,   1.301
    1824,   0.000,   1.301
    1825,   0.000,   1.301
    1826,   0.000,   1.301
    1827,   0.000,   1.301
    1828,   0.000,   1.301
    1829,   0.000,   1.301
    1830,   0.000,   1.301
    1831,   0.000,   1.301
    1832,   0.000,   1.301
    1833,   0.000,   1.301
    1834,   0.000,   1.301
    1835,   0.000,   1.301
    1836,   0.000,   1.301
    1837,   0.000,   1.301
    1838,   0.000,   1.301
    1839,   0.000,   1.301
    1840,   0.000,   1.301
    1841,   0.000,   1.301
    1842,   0.000,   1.301
    1843,   0.000,   1.301
    1844,   0.000,   1.301
    1845,   0.000,   1.301
    1846,   0.000,   1.301
    1847,   0.000,   1.301
    1848,   0.000,   1.301
    1849,   0.000,   1.301
    1850,   0.000,   1.301
    1851,   0.000,   1.301
    1852,   0.000,   1.301
    1853,   0.000,   1.301
    1854,   0.000,   1.301
    1855,   0.000,   1.301
    1856,   0.000,   1.301
    1857,   0.000,   1.301
    1858,   0.000,   1.301
    1859,   0.000,   1.301
    1860,   0.000,   1.301
    1861,   0.000,   1.301
    1862,   0.000,   1.301
    1863,   0.000,   1.301
    1864,   0.000,   1.301
    1865,   0.000,   1.301
    1866,   0.000,   1.301
    1867,   0.000,   1.301
    1868,   0.000,   1.301
    1869,   0.000,   1.301
    1870,   0.000,   1.301
    1871,   0.000,   1.301
    1872,   0.000,   1.301
    1873,   0.000,   1.301
    1874,   0.000,   1.301
    1875,   0.000,   1.301
    1876,   0.000,   1.301
    1877,   0.000,   1.301
    1878,   0.000,   1.301
    1879,   0.000,   1.301
    1880,   0.000,   1.301
    1881,   0.000,   1.301
    1882,   0.000,   1.301
    1883,   0.000,   1.301
    1884,   0.000,   1.301
    1885,   0.000,   1.301
    1886,   0.000,   1.301
    1887,   0.000,   1.301
    1888,   0.000,   1.301
    1889,   0.000,   1.301
    1890,   0.000,   1.301
    1891,   0.000,   1.301
    1892,   0.000,   1.301
    1893,   0.000,   1.301
    1894,   0.000,   1.301
    1895,   0.000,   1.301
    1896,   0.000,   1.301
    1897,   0.000,   1.301
    1898,   0.000,   1.301
    1899,   0.000,   1.301
    1900,   0.000,   1.301
    1901,   0.000,   1.301
    1902,   0.000,   1.301
    1903,   0.000,   1.301
    1904,   0.000,   1.301
    1905,   0.000,   1.301
    1906,   0.000,   1.301
    1907,   0.000,   1.301
    1908,   0.000,   1.301
    1909,   0.000,   1.301
    1910,   0.000,   1.301
    1911,   0.000,   1.301
    1912,   0.000,   1.301
    1913,   0.000,   1.301
    1914,   0.000,   1.301
    1915,   0.000,   1.301
    1916,   0.000,   1.301
    1917,   0.000,   1.301
    1918,   0.000,   1.301
    1919,   0.000,   1.301
    1920,   0.000,   1.301
    1921,   0.000,   1.301
    1922,   0.000,   1.301
    1923,   0.000,   1.301
    1924,   0.000,   1.301
    1925,   0.000,   1.301
    1926,   0.000,   1.301
    1927,   0.000,   1.301
    1928,   0.000,   1.301
    1929,   0.000,   1.301
    1930,   0.000,   1.301
    1931,   0.000,   1.301
    1932,   0.000,   1.301
    1933,   0.000,   1.301
    1934,   0.000,   1.301
    1935,   0.000,   1.301
    1936,   0.000,   1.301
    1937,   0.000,   1.301
    1938,   0.000,   1.301
    1939,   0.000,   1.301
    1940,   0.000,   1.301
    1941,   0.000,   1.301
    1942,   0.000,   1.301
    1943,   0.000,   1.301
    1944,   0.000,   1.301
    1945,   0.000,   1.301
    1946,   0.000,   1.301
    1947,   0.000,   1.301
    1948,   0.000,   1.301
    1949,   0.000,   1.301
    1950,   0.000,   1.301
    1951,   0.000,   1.301
    1952,   0.000,   1.301
    1953,   0.000,   1.301
    1954,   0.000,   1.301
    1955,   0.000,   1.301
    1956,   0.000,   1.301
    1957,   0.000,   1.301
    1958,   0.000,   1.301
    1959,   0.000,   1.301
    1960,   0.000,   1.301
    1961,   0.000,   1.301
    1962,   0.000,   1.301
    1963,   0.000,   1.301
    1964,   0.000,   1.301
    1965,   0.000,   1.301
    1966,   0.000,   1.301
    1967,   0.000,   1.301
    1968,   0.000,   1.301
    1969,   0.000,   1.301
    1970,   0.000,   1.301
    1971,   0.000,   1.301
    1972,   0.000,   1.301
    1973,   0.000,   1.301
    1974,   0.000,   1.301
    1975,   0.000,   1.301
    1976,   0.000,   1.301
    1977,   0.000,   1.301
    1978,   0.000,   1.301
    1979,   0.000,   1.301
    1980,   0.000,   1.301
    1981,   0.000,   1.301
    1982,   0.000,   1.301
    1983,   0.000,   1.301
    1984,   0.000,   1.301
    1985,   0.000,   1.301
    1986,   0.000,   1.301
    1987,   0.000,   1.301
    1988,   0.000,   1.301
    1989,   0.000,   1.301
    1990,   0.000,   1.301
    1991,   0.000,   1.301
    1992,   0.000,   1.301
    1993,   0.000,   1.301
    1994,   0.000,   1.301
    1995,   0.000,   1.301
    1996,   0.000,   1.301
    1997,   0.000,   1.301
    1998,   0.000,   1.301
    1999,   0.000,   1.301
