           0     -0.3709167
           1     -0.3164992
           2     -0.3046679
           3     -0.2974554
           4     -0.2920010
           5     -0.2875966
           6     -0.2834489
           7     -0.2797930
           8     -0.2766360
           9     -0.2738804
          10     -0.2714235
          11     -0.2691960
          12     -0.2670045
          13     -0.2650560
          14     -0.2628800
          15     -0.2609313
          16     -0.2591431
          17     -0.2574110
          18     -0.2557832
          19     -0.2539930
          20     -0.2524897
          21     -0.2509368
          22     -0.2494684
          23     -0.2479802
          24     -0.2465610
          25     -0.2452823
          26     -0.2437790
          27     -0.2423787
          28     -0.2411092
          29     -0.2397011
          30     -0.2384245
          31     -0.2371496
          32     -0.2359139
          33     -0.2346320
          34     -0.2333159
          35     -0.2320742
          36     -0.2308674
          37     -0.2296342
          38     -0.2285508
          39     -0.2272976
          40     -0.2260021
          41     -0.2247624
          42     -0.2236578
          43     -0.2224358
          44     -0.2212178
          45     -0.2200740
          46     -0.2188331
          47     -0.2176612
          48     -0.2164281
          49     -0.2151260
          50     -0.2139415
          51     -0.2127547
          52     -0.2115829
          53     -0.2103348
          54     -0.2091652
          55     -0.2079249
          56     -0.2067110
          57     -0.2055122
          58     -0.2042401
          59     -0.2029443
          60     -0.2016319
          61     -0.2004523
          62     -0.1991207
          63     -0.1978475
          64     -0.1965399
          65     -0.1952392
          66     -0.1939142
          67     -0.1926035
          68     -0.1914013
          69     -0.1900613
          70     -0.1886880
          71     -0.1872925
          72     -0.1859523
          73     -0.1844069
          74     -0.1829144
          75     -0.1814946
          76     -0.1799003
          77     -0.1783130
          78     -0.1768538
          79     -0.1753224
          80     -0.1737938
          81     -0.1722212
          82     -0.1705850
          83     -0.1689921
          84     -0.1674332
          85     -0.1656914
          86     -0.1641325
          87     -0.1625298
          88     -0.1608659
          89     -0.1590259
          90     -0.1573365
          91     -0.1554762
          92     -0.1538678
          93     -0.1521856
          94     -0.1504149
          95     -0.1485179
          96     -0.1467581
          97     -0.1450149
          98     -0.1432201
          99     -0.1413521
         100     -0.1394930
         101     -0.1377294
         102     -0.1357838
         103     -0.1338276
         104     -0.1320821
         105     -0.1302516
         106     -0.1282825
         107     -0.1263435
         108     -0.1244071
         109     -0.1225559
         110     -0.1206976
         111     -0.1189243
         112     -0.1172132
         113     -0.1152839
         114     -0.1134574
         115     -0.1116781
         116     -0.1096979
         117     -0.1077531
         118     -0.1058347
         119     -0.1039309
         120     -0.1020371
         121     -0.1002950
         122     -0.0983478
         123     -0.0964293
         124     -0.0945055
         125     -0.0926237
         126     -0.0907560
         127     -0.0888287
         128     -0.0869844
         129     -0.0851642
         130     -0.0833319
         131     -0.0813552
         132     -0.0793618
         133     -0.0774714
         134     -0.0754540
         135     -0.0736821
         136     -0.0718579
         137     -0.0700050
         138     -0.0683285
         139     -0.0664273
         140     -0.0645346
         141     -0.0626944
         142     -0.0608710
         143     -0.0590136
         144     -0.0572852
         145     -0.0554272
         146     -0.0536900
         147     -0.0517799
         148     -0.0499431
         149     -0.0482754
         150     -0.0463499
         151     -0.0446590
         152     -0.0429630
         153     -0.0411417
         154     -0.0394302
         155     -0.0376045
         156     -0.0358607
         157     -0.0342217
         158     -0.0325423
         159     -0.0309748
         160     -0.0291921
         161     -0.0275591
         162     -0.0258969
         163     -0.0242750
         164     -0.0225639
         165     -0.0209635
         166     -0.0192913
         167     -0.0177057
         168     -0.0161566
         169     -0.0144182
         170     -0.0126512
         171     -0.0109450
         172     -0.0092819
         173     -0.0077244
         174     -0.0060877
         175     -0.0044701
         176     -0.0027378
         177     -0.0010189
         178      0.0006519
         179      0.0023720
         180      0.0041704
         181      0.0060642
         182      0.0077777
         183      0.0095590
         184      0.0114264
         185      0.0131250
         186      0.0149055
         187      0.0166990
         188      0.0185124
         189      0.0205072
         190      0.0222439
         191      0.0241213
         192      0.0259123
         193      0.0278173
         194      0.0296567
         195      0.0315743
         196      0.0335639
         197      0.0356641
         198      0.0379375
         199      0.0399672
         200      0.0422274
         201      0.0446341
         202      0.0470827
         203      0.0500092
         204      0.0530079
         205      0.0560430
         206      0.0593556
         207      0.0629196
         208      0.0664533
         209      0.0703989
         210      0.0745646
         211      0.0789702
         212      0.0833162
         213      0.0875815
         214      0.0921497
         215      0.0968541
         216      0.1012414
         217      0.1062707
         218      0.1112925
         219      0.1165408
         220      0.1217616
         221      0.1269432
         222      0.1323784
         223      0.1374915
         224      0.1433982
         225      0.1490366
         226      0.1548033
         227      0.1608473
         228      0.1673706
         229      0.1730287
         230      0.1790833
         231      0.1859503
         232      0.1926201
         233      0.2000378
         234      0.2070090
         235      0.2141193
         236      0.2220021
         237      0.2294104
         238      0.2378094
         239      0.2458920
         240      0.2542692
         241      0.2620685
         242      0.2702433
         243      0.2784311
         244      0.2872699
         245      0.2962274
         246      0.3050511
         247      0.3139178
         248      0.3234246
         249      0.3323611
         250      0.3416952
         251      0.3524806
         252      0.3633186
         253      0.3738884
         254      0.3852558
         255      0.3964244
         256      0.4080894
         257      0.4197656
         258      0.4317681
         259      0.4449204
         260      0.4573531
         261      0.4696613
         262      0.4845497
         263      0.4986999
         264      0.5129362
         265      0.5279551
         266      0.5441262
         267      0.5606287
         268      0.5774389
         269      0.5944398
         270      0.6125802
         271      0.6317247
         272      0.6514254
         273      0.6722477
         274      0.6913381
         275      0.7123098
         276      0.7323233
         277      0.7534049
         278      0.7764452
         279      0.8001291
         280      0.8271069
         281      0.8522629
         282      0.8776258
         283      0.9055886
         284      0.9334447
         285      0.9624746
         286      0.9919859
         287      1.0224175
         288      1.0553088
         289      1.0907454
         290      1.1281822
         291      1.1655922
         292      1.2072198
         293      1.2545061
         294      1.3065360
         295      1.3652594
         296      1.4360254
         297      1.5191805
         298      1.6204581
         299      1.7886286
         300      2.4915199
